1.353735250345599120e-02 5.863666087175043243e-03 0.000000000000000000e+00 2.291063590252641335e-04 1.732128576808747780e-03 3.340308150865846024e-03 4.757673198566507444e-03 5.946834410846273469e-03 6.922618428883671807e-03 7.714858160436013218e-03
1.668308231055264448e-02 9.008112325324254058e-03 2.915624965116964118e-03 0.000000000000000000e+00 4.310778294418678158e-04 1.686628564461128792e-03 2.937477077985859927e-03 4.028320814047607265e-03 4.941231572250544615e-03 5.689481912203796579e-03
1.981863892044230177e-02 1.214763744467919904e-02 6.057208227526047171e-03 1.222213854812484674e-03 0.000000000000000000e+00 4.007553611379581146e-04 1.347777884116987610e-03 2.284200458173130631e-03 3.103081683713421537e-03 3.789366541781325273e-03
2.296499729158860137e-02 1.529302768394928506e-02 9.201826888793234946e-03 4.364434336494255572e-03 5.264370965698821243e-04 0.000000000000000000e+00 1.980026168297063099e-04 8.272237624964810798e-04 1.485711449461774893e-03 2.074333876145407346e-03
2.611243355566380750e-02 1.843109999869720766e-02 1.234270040697219885e-02 7.508876961152915336e-03 3.669152469912024834e-03 6.226785345740727153e-04 0.000000000000000000e+00 5.124311810340582279e-06 2.760701411426260202e-04 6.704241358652099012e-04
2.924515631391186657e-02 2.157743399936961487e-02 1.548274247899332490e-02 1.065097456880464456e-02 6.811731522620980035e-03 3.764877817233150750e-03 1.346786627180801641e-03 0.000000000000000000e+00 0.000000000000000000e+00 0.000000000000000000e+00
3.239322312457895009e-02 2.471404692787896110e-02 1.862866852714563023e-02 1.379263504472147579e-02 9.954182321942501091e-03 6.907797134308606146e-03 4.489175669922061164e-03 2.569552055356240546e-03 1.046090025623504574e-03 0.000000000000000000e+00
3.552355356451850077e-02 2.786132550960672763e-02 2.176798889134626963e-02 1.693385738684853245e-02 1.309651902413605344e-02 1.005085633988658106e-02 7.632489428953365997e-03 5.712109137639041594e-03 4.189113819124273136e-03 2.979815910184378629e-03
3.867225239766040878e-02 3.099647805581691104e-02 2.490648551082040585e-02 2.007463085444091688e-02 1.623871493417178291e-02 1.319148643292180484e-02 1.077439714260933733e-02 8.854539010204541885e-03 7.331416902767844308e-03 6.122027859631647487e-03
4.180019016388726583e-02 3.414470441829661751e-02 2.805372547962898394e-02 2.321497504072287527e-02 1.938077834962831023e-02 1.633430279036876542e-02 1.391584593022975394e-02 1.199684573389130267e-02 1.047334116828368446e-02 9.264646296587910126e-03
